R1 UNITID's vs others 
# Goal is to seperate R1 unitid's from others
included_unitids = {
100663,100706,100751,100858,102614,104151,104179,106397,
110404,110635,110644,110653,110662,110671,110680,110705,
110714,119678,123961,126614,126818,127060,129020,130697,
130794,130943,131283,131469,131496,131520,132903,133650,
133669,133881,133951,134097,134130,135726,137351,139658,
139755,139940,139959,141574,142276,142285,144050,145600,
145637,145725,147703,149222,151351,152080,153603,153658,
155317,155399,157085,157289,159391,160755,161253,163268,
163286,164924,164988,165015,165334,166027,166513,166629,
166683,167358,168148,168421,170976,171100,171128,172644,
172699,174066,176017,178396,178411,178420,179867,180461,
181464,182281,182290,182670,183044,185828,186131,186867,
187967,187985,188030,190044,190150,190415,190576,193900,
194824,195030,196060,196079,196088,196097,196413,198419,
199120,199193,199847,200280,200332,201645,201885,203517,
204796,204857,206084,207388,207500,207971,209542,209551,
209807,211273,211440,213543,214777,215062,215293,216339,
217156,217484,217882,218663,219347,221759,221999,223232,
225511,227216,227757,228246,228723,228769,228778,228787,
228875,229027,229115,230038,230728,230764,231624,232186,
232265,232982,233921,234076,236939,236948,238032,240444,
240453,240727,243744,243780,445188
}

R1 = {100663,100706,100751, 100858,  104151, 104179,106397,
110404, 110635,110644,110653,110662,110671,110680,110705, 110714,123961,
126614,126818,127060,129020,

}

Non-R1 = { 102614, 119678,130697,

}